3
62
139
142
150
200
203
307
377
384
418
461
640
694
714
762
770
773
797
801
805
820
822
865
1042
1134
1153
1224
1344
1367
1397
1425
1447
1572
1579
1654
1658
1665
1668
1705
1747
1778
1784
1821
1834
1906
1974
1985
2008
2012
2034
2084
2094
2110
2123
2127
2157
2194
2197
2201
2284
2336
2338
2339
2397
2476
2526
2553
2579
2647
2717
2790
2831
2841
2898
2905
2971
2995
3029
3090
3206
3216
3217
3287
3304
3306
3323
3457
3464
3478
3494
3514
3529
3588
3592
3609
3637
3651
3677
3734
3737
3752
3775
3782
3859
3897
3918
3957
3958
3968
3989
3995
4012
4125
4166
4172
4185
4231
4241
4338
4362
4379
4464
4485
4489
4549
4573
4658
4703
4740
4743
4746
4763
4806
4853
4876
4915
4919
4939
5032
5038
5073
5076
5108
5116
5121
5145
5248
5314
5364
5393
5421
5463
5489
5495
5559
5580
5594
5623
5627
5655
5674
5676
5677
5703
5759
5768
5815
5834
5910
5927
5947
5980
5994
6006
6016
6060
6077
6106
6153
6172
6190
6248
6253
6307
6352
6373
6377
6390
6477
6490
6498
6504
6542
6544
6546
6549
6581
6582
6641
6681
6689
6699
6721
6729
6739
6749
6762
6776
6790
6805
6806
6813
6835
6937
7003
7047
7072
7075
7097
7131
7146
7171
7185
7192
7297
7483
7552
7599
7601
7623
7624
7630
7878
7881
7931
8054
8220
8343
8449
8506
8588
8593
8631
8639
8658
8692
8729
8773
8861
8897
8955
9009
9072
9116
9230
9254
9285
9288
9301
9312
9374
9379
9390
9392
9413
9430
9431
9518
9558
9575
9585
9587
9604
9612
9641
9664
9678
9683
9698
9706
9710
9711
9743
9748
9765
9776
9810
9849
9863
9864
9867
9874
9877
9906
9914
9917
9921
9928
9994
10000
10044
10060
10110
10112
10122
10124
10134
10161
10170
10171
10191
10217
10300
10313
10349
10374
10394
10410
10424
10428
10447
10448
10449
10450
10459
10489
10505
10507
10517
10528
10564
10590
10599
10601
10602
10618
10619
10633
10642
10648
10667
10695
10741
10749
10752
10760
10764
10773
10800
10815
10859
10885
10892
10919
10955
10959
10966
10977
10979
10989
11001
11032
11046
11054
11102
11109
11114
11127
11157
11163
11201
11225
11237
11238
11250
11253
11260
11261
11320
11324
11326
11340
11341
11349
11360
11388
11392
11426
11440
11447
11449
11451
11459
11492
11543
11544
11561
11579
11616
11625
11630
11636
11668
11673
11682
11689
11692
11736
11745
11800
11801
11856
11857
11859
11865
11866
11904
11905
11941
11952
11953
11956
11975
11988
11992
12000
12015
12017
12036
12037
12044
12048
12055
12080
12083
12102
12117
12157
12259
12271
12273
12274
12275
12276
12277
12281
12307
12326
12331
12332
12333
12334
12336
12338
12346
12348
12360
12361
12381
12393
12394
12395
12400
12407
12430
12438
12443
12444
12445
12446
12451
12469
12474
12493
12498
12502
12515
12521
12542
12544
12559
12562
12563
12578
12594
12652
12661
12665
12673
12698
12711
12715
12720
12725
12739
12742
12746
12748
12755
12806
12810
12812
12842
12845
12868
12876
12877
12881
12892
12918
12932
12938
12941
12944
12945
12962
12968
12971
13038
13046
13052
13054
13071
13085
13093
13095
13096
13098
13099
13111
13122
13144
13151
13168
13169
13174
13175
13180
13189
13205
13208
13242
13267
13272
13285
13296
13335
13343
13361
13389
13404
13409
13410
13411
13412
13414
13415
13417
13418
13421
13432
13433
13441
13443
13444
13461
13463
13466
13469
13487
13502
13516
13542
13560
13575
13580
13604
13615
13629
13661
13666
13672
13682
13689
13690
13699
13702
13710
13712
13718
13725
13746
13754
13791
13799
13810
13824
13825
13843
13851
13868
13869
13872
13876
13878
13895
13903
13912
13923
13937
13946
13956
13977
13987
13988
13990
14002
14011
14016
14020
14028
14029
14031
14046
14069
14082
14090
14119
14120
14121
14122
14124
14128
14130
14131
14132
14133
14134
14136
14138
14139
14140
14145
14147
14162
14165
14180
14195
14209
14215
14219
14274
14285
14293
14299
14303
14309
14313
14321
14341
14358
14367
14368
14370
14371
14372
14375
14376
14377
14378
14379
14381
14386
14390
14392
14393
14395
14403
14420
14426
14427
14431
14435
14440
14453
14455
14461
14464
14487
14496
14511
14516
14522
14524
14531
14532
14553
14557
14591
14593
14598
14605
14607
14612
14613
14621
14629
14630
14635
14641
14646
14653
14657
14658
14659
14661
14663
14664
14670
14672
14673
14676
14678
14682
14683
14695
14700
14708
14716
14721
14736
14743
14746
14761
14783
14788
14797
14806
14809
14824
14829
14830
14844
14847
14850
14853
14856
14864
14875
14892
14896
14908
14967
14970
14981
14985
14988
14989
14993
14994
14996
15015
15035
15037
15039
15048
15050
15056
15058
15082
15083
15090
15091
15120
15121
15136
15149
15170
15172
15176
15187
15191
15214
15232
15249
15251
15262
15263
15269
15279
15283
15285
15287
15291
15299
15312
15323
15329
15336
15343
15349
15352
15355
15358
15362
15370
15371
15372
15382
15385
15397
15408
15440
15448
15450
15451
15457
15463
15466
15474
15485
15493
15494
15497
15498
15502
15506
15509
15526
15527
15529
15530
15537
15540
15541
15542
15544
15546
15550
15552
15561
15584
15599
15607
15608
15611
15615
15650
15662
15667
15679
15685
15686
15691
15692
15695
15696
15697
15699
15704
15710
15720
15728
15736
15738
15740
15742
15744
15749
15752
15753
15757
15759
15769
15770
15795
15796
15811
15813
15815
15820
15823
15848
15855
15858
15859
15860
15865
15875
15877
15878
15882
15886
15893
15898
15899
15901
15908
15909
15911
15912
15918
15920
15942
15950
15951
15957
15960
15965
15982
15984
15986
15996
16002
16006
16007
16018
16036
16037
16048
16054
16067
16070
16073
16083
16084
16087
16093
16097
16103
16122
16134
16137
16139
16140
16142
16145
16147
16155
16167
16174
16177
16179
16186
16195
16198
16199
16200
16201
16202
16205
16207
16210
16215
16216
16220
16221
16222
16223
16230
16233
16237
16240
16241
16243
16244
16245
16252
16254
16263
16268
16271
16276
16288
16289
16310
16315
16322
16324
16326
16327
16331
16347
16352
16361
16362
16369
16374
16378
16380
16389
16390
16391
16392
16397
16401
16402
16408
16414
16416
16419
16421
16422
16436
16438
16442
16444
16446
16447
16450
16451
16457
16459
16460
16463
16470
16472
16473
16474
16482
16483
16489
16492
16493
16495
16497
16498
16499
16505
16522
16523
16529
16532
16533
16535
16542
16550
16553
16555
16556
16557
16558
16562
16580
16583
16584
16589
16593
16594
16600
16607
16609
16612
16614
16617
16628
16629
16630
16637
16644
16646
16657
16659
16661
16668
16669
16678
16679
16692
16696
16700
16701
16706
16713
16717
16718
16719
16720
16721
16724
16726
16730
16731
16733
16734
16741
16742
16743
16744
16745
16746
16754
16756
16761
16769
16772
16773
16774
16783
16787
16788
16797
16801
16808
16812
16813
16815
16819
16820
16826
16830
16835
16840
16846
16855
16861
16865
16875
16878
16882
16888
16889
16892
16900
16904
16905
16907
16909
16910
16928
16935
16938
16943
16946
16948
16949
16950
16957
16973
16975
16983
16984
16985
16986
16995
16999
17001
17005
17008
17009
17012
17013
17017
17019
17022
17023
17032
17034
17036
17038
17046
17051
17061
17074
17076
17078
17081
17083
17086
17087
17094
17095
17096
17098
17099
17102
17104
17105
17106
17108
17112
17113
17115
17117
17118
17119
17123
17125
17126
17127
17128
17130
17134
17136
17139
17141
17144
17146
17148
17149
17153
17156
17158
17160
17161
17162
17163
17164
17167
17170
17175
17178
17182
17183
17184
17190
17191
17192
17196
17198
17200
17202
17206
17207
17213
17216
17224
17227
17228
17230
17232
17234
17238
17239
17244
17249
17251
17252
17254
17256
17258
17262
17263
17265
17276
17278
17279
17284
17285
17287
17289
17295
17297
17299
17301
17302
17308
17310
17312
17316
17317
17318
17321
17325
17331
17332
17335
17336
17337
17339
17340
17344
17345
17353
17354
17357
17359
17370
17381
17384
17385
17389
17390
17391
17395
17398
17399
17405
17409
17425
17427
17430
17436
17437
17439
17441
17445
17448
17449
17451
17453
17459
17463
17466
17467
17468
17469
17471
17472
17473
17477
17478
17480
17485
17486
17487
17489
17490
17491
17492
17494
17496
17497
17498
17499
17502
17503
17504
17505
17508
17512
17514
17515
17516
17519
17526
17528
17529
17537
17538
17542
17543
17546
17551
17556
17560
17562
17568
17570
17571
17576
17582
17585
17587
17594
17595
17596
17598
17602
17603
17605
17608
17609
17611
17612
17615
17619
17625
17626
17631
17632
17633
17640
17644
17647
17653
17657
17664
17665
17666
17667
17668
17675
17676
17678
17681
17683
17684
17687
17689
17691
17692
17695
17696
17710
17712
17714
17715
17718
17719
17720
17723
17724
17726
17727
17738
17739
17742
17743
17746
17749
17752
17758
17759
17760
17761
17762
17769
17770
17773
17774
17778
17785
17786
17787
17790
17794
17796
17798
17799
17800
17807
17811
17812
17813
17816
17820
17821
17826
17830
17845
17851
17852
17853
17858
17860
17861
17862
17868
17872
17873
17876
17879
17905
17918
17938
17941
17944
17945
17946
17966
17982
17983
17986
17991
18000
18008
18009
18010
18020
18021
18022
18039
18041
18050
18059
18060
18075
18081
18088
18099
18102
18104
18127
18130
18131
18132
18139
18148
18149
18150
18151
18152
18159
18163
18165
18172
18176
18177
18180
18182
18184
18191
18196
18197
18202
18203
18218
18222
18229
18232
18236
18239
18242
18244
18250
18254
18261
18262
18267
18268
18269
18272
18278
18284
18285
18289
18291
18294
18302
18303
18304
18310
18311
18313
18314
18315
18316
18321
18331
18339
18342
18343
18345
18348
18352
18366
18367
18369
18370
18375
18378
18380
18390
18391
18394
18395
18396
18399
18401
18404
18405
18406
18421
18424
18432
18434
18437
18438
18441
18449
18450
18451
18452
18457
18458
18461
18466
18470
18475
18486
18487
18490
18491
18492
18493
18500
18502
18503
18507
18508
18509
18514
18515
18516
18517
18520
18521
18522
18525
18526
18527
18529
18531
18537
18539
18540
18543
18545
18548
18549
18553
18559
18560
18561
18562
18570
18571
18572
18574
18575
18576
18577
18580
18586
18589
18595
18598
18599
18600
18602
18607
18615
18616
18626
18628
18632
18634
18638
18640
18642
18645
18646
18647
18657
18662
18666
18667
18668
18672
18675
18679
18680
18681
18683
18684
18686
18688
18691
18693
18694
18699
18702
18703
18707
18711
18723
18724
18735
18744
18747
18748
18764
18766
18767
18777
18780
18783
18789
18791
18800
18810
18811
18816
18822
18827
18832
18836
18844
18845
18846
18854
18855
18856
18860
18861
18865
18883
18886
18889
18900
18903
18906
18908
18911
18921
18929
18936
18941
18942
18943
18954
18955
18956
18960
18969
18972
18973
18988
18999
19007
19010
19016
19021
19023
19025
19030
19033
19038
19039
19040
19042
19056
19058
19059
19060
19064
19068
19070
19071
19072
19080
19081
19083
19087
19089
19095
19099
19112
19113
19114
19118
19120
19124
19128
19133
19135
19140
19148
19149
19155
19157
19169
19171
19194
19196
19207
19208
19217
19218
19220
19224
19226
19231
19240
19241
19248
19249
19257
19262
19289
19291
19294
19301
19302
19303
19304
19305
19307
19314
19316
19319
19321
19326
19344
19349
19350
19351
19352
19356
19357
19360
19367
19368
19370
19371
19372
19379
19380
19381
19385
19387
19389
19399
19407
19410
19416
19419
19421
19423
19425
19428
19436
19440
19443
19445
19451
19455
19459
19462
19473
19477
19488
19489
19490
19491
19493
19494
19499
19514
19515
19517
19518
19519
19520
19528
19530
19532
19535
19537
19538
19539
19542
19550
19556
19559
19561
19562
19565
19566
19569
19571
19572
19573
19578
19579
19583
19584
19591
19597
19602
19603
19607
19612
19613
19618
19619
19629
19635
19642
19658
19659
19661
19662
19674
19684
19687
19688
19691
19694
19696
19701
19702
19703
19706
19707
19716
19722
19727
19731
19734
19736
19739
19742
19755
19756
19769
19770
19784
19801
19810
19813
19814
19816
19817
19818
19819
19820
19821
19822
19826
19829
19832
19834
19836
19837
19852
19854
19856
19857
19860
19867
19869
19870
19874
19879
19889
19890
19895
19897
19900
19901
19903
19904
19905
19906
19912
19916
19917
19920
19921
19925
19926
19930
19931
19932
19934
19935
19938
19940
19943
19947
19949
19953
19954
19955
19956
19958
19959
19960
19966
19967
19973
19974
19995
19999
20001
20002
20005
20006
20007
20010
20013
20020
20022
20028
20029
20030
20036
20038
20039
20046
20049
20050
20059
20061
20062
20069
20076
20078
20090
20093
20098
20101
20103
20104
20114
20124
20125
20132
20133
20142
20149
20151
20154
20161
20167
20174
20180
20182
20188
20189
20194
20195
20196
20202
20203
20208
20209
20212
20219
20222
20237
20240
20243
20244
20245
20249
20252
20253
20254
20255
20256
20257
20261
20262
20263
20264
20267
20268
20271
20273
20276
20277
20280
20283
20284
20287
20291
20295
20297
20304
20305
20306
20309
20320
20323
20324
20328
20329
20330
20334
20335
20338
20355
20358
20359
20361
20363
20364
20369
20370
20375
20376
20377
20378
20389
20392
20398
20406
20415
20429
20432
20433
20441
20446
20448
20450
20456
20457
20459
20467
20469
20470
20473
20474
20478
20479
20485
20490
20492
20495
20497
20498
20504
20505
20506
20511
20514
20517
20519
20522
20526
20528
20529
20533
20536
20577
20594
20595
20597
20608
20609
20612
20617
20621
20622
20624
20625
20627
20632
20637
20638
20640
20644
20645
20649
20650
20651
20652
20653
20654
20656
20658
20669
20671
20673
20678
20682
20683
20684
20688
20690
20694
20695
20696
20697
20700
20701
20703
20704
20707
20709
20710
20711
20714
20716
20717
20720
20726
20728
20729
20731
20734
20735
20736
20737
20741
20747
20753
20754
20757
20758
20762
20763
20764
20765
20767
20768
20773
20774
20777
20778
20781
20785
20786
20788
20789
20792
20793
20796
20797
20798
20799
20800
20801
20807
20809
20810
20813
20819
20824
20825
20826
20831
20835
20839
20841
20843
20844
20845
20847
20848
20849
20853
20854
20855
20858
20860
20861
20869
20870
20871
20873
20874
20876
20881
20884
20887
20888
20895
20898
20901
20907
20909
20911
20912
20913
20914
20915
20919
20920
20921
20922
20931
20933
20935
20936
20937
20938
20939
20943
20944
20945
20947
20949
20950
20952
20957
20961
20963
20964
20965
20966
20969
20970
20971
20973
20974
20980
20982
20984
20985
20987
20988
20991
20996
20997
21000
21002
21003
21004
21006
21007
21009
21010
21011
21012
21015
21016
21019
21020
21021
21022
21026
21027
21029
21032
21033
21038
21039
21040
21041
21044
21046
21047
21050
21051
21052
21054
21055
21057
21060
21061
21064
21066
21067
21069
21072
21075
21084
21086
21088
21089
21090
21092
21103
21104
21105
21108
21109
21110
21111
21114
21116
21118
21119
21121
21123
21124
21126
21128
21129
21131
21132
21133
21134
21135
21138
21139
21141
21142
21143
21146
21147
21148
21149
21150
21151
21152
21153
21154
21155
21157
21160
21161
21162
21163
21167
21168
21171
21173
21175
21177
21179
21187
21189
21190
21193
21196
21199
21200
21201
21202
21203
21204
21207
21210
21213
21214
21216
21217
21219
21220
21224
21225
21228
21231
21232
21233
21235
21236
21237
21240
21241
21243
21244
21245
21246
21247
21249
21250
21251
21252
21254
21261
21263
21266
21267
21268
21271
21273
21275
21276
21277
21280
21284
21285
21286
21287
21373
21378
21380
21381
21383
21384
21388
21389
21390
21397
21398
21399
21400
21401
21402
21403
21404
21405
21406
21407
21409
21412
21434
21435
21436
21439
21441
21443
21444
21445
21447
21448
21450
21451
21454
21456
21460
21461
21463
21464
21466
21469
21477
21478
21481
21483
21484
21487
21490
21497
21498
21499
21500
21501
21502
21506
21507
21511
21512
21515
21516
21517
21518
21521
21522
21525
21526
21527
21528
21529
21530
21532
21533
21534
21535
21536
21537
21539
21540
21541
21542
21543
21544
21547
21548
21552
21553
21557
21558
21559
21560
21561
21562
21563
21564
21565
21568
21569
21570
21571
21574
21575
21576
21577
21579
21580
21581
21584
21586
21587
21588
21589
21592
21593
21594
21595
21596
21597
21601
21602
21603
21604
21606
21607
21609
21610
21614
21616
21617
21624
21626
21628
21629
21630
21631
21634
21635
21636
21638
21639
21640
21644
21645
21648
21650
21653
21654
21655
21656
21657
21658
21661
21662
21663
21665
21666
21667
21668
21670
21674
21675
21676
21677
21678
21680
21683
21684
21685
21690
21691
21692
21693
21694
21695
21696
21697
21699
21700
21701
21702
21703
21707
21708
21709
21711
21714
21715
21716
21717
21718
21720
21721
21722
21723
21724
21725
21728
21730
21731
21732
21734
21735
21737
21738
21740
21741
21743
21744
21745
21746
21747
21748
21750
21751
21752
21755
21756
21757
21759
21763
21764
21765
21766
21767
21773
21774
21775
21776
21779
21780
21782
21783
21784
21785
21792
21795
21796
21797
21798
21799
21800
21805
21807
21809
21810
21812
21814
21815
21816
21818
21819
21820
21821
21822
21823
21824
21825
21826
21827
21828
21829
21830
21831
21832
21834
21837
21838
21839
21841
21842
21843
21846
21847
21848
21849
21851
21852
21853
21856
21857
21858
21859
21860
21861
21862
21863
21864
21866
21872
21873
21874
21875
21876
21877
21878
21879
21880
21881
21882
21885
21887
21891
21894
21895
21902
21904
21910
21911
21912
21914
21915
21916
21918
21923
21924
21925
21926
21927
21930
21933
21934
21936
21941
21943
21944
21945
21947
21948
21949
21950
21953
21954
21957
21958
21959
21960
21961
21962
21963
21964
21965
21967
21968
21969
21972
21973
21977
21981
21982
21983
21985
21986
21987
21988
21991
21992
21993
21994
21995
21997
22000
22001
22002
22003
22006
22007
22008
22009
22010
22013
22014
22015
22016
22018
22019
22020
22021
22023
22024
22028
22029
22035
22036
22038
22040
22041
22042
22043
22044
22045
22049
22050
22051
22052
22053
22054
22055
22056
22057
22058
22059
22060
22065
22066
22069
22070
22071
22072
22074
22075
22076
22077
22079
22080
22081
22082
22083
22086
22088
22089
22090
22091
22094
22095
22096
22098
22101
22102
22105
22108
22109
22110
22112
22113
22114
22115
22116
22118
22120
22121
22122
22123
22124
22125
22126
22127
22128
22129
22132
22134
22135
22136
22137
22138
22139
22140
22141
22142
22143
22144
22145
22148
22149
22150
22152
22153
22154
22155
22156
22158
22159
22161
22164
22165
22168
22170
22173
22177
22180
22181
22182
22184
22185
22186
22187
22188
22189
22192
22200
22201
22206
22209
22211
22212
22213
22215
22216
22217
22218
22219
22220
22221
22222
22223
22224
22225
22227
22228
22229
22231
22232
22233
22235
22236
22237
22238
22239
22240
22241
22242
22243
22244
22247
22248
22252
22253
22257
22258
22259
22261
22262
22264
22265
22266
22267
22268
22269
22270
22271
22272
22273
22274
22276
22279
22280
22281
22282
22283
22285
22286
22287
22288
22290
22291
22294
22295
22296
22297
22298
22300
22302
22303
22304
22305
22307
22309
22311
22312
22313
22314
22315
22318
22320
22321
22322
22324
22325
22326
22327
22328
22329
22330
22331
22332
22333
22334
22336
22337
22338
22339
22340
22341
22342
22344
22348
22349
22353
22354
22355
22356
22357
22359
22361
22365
22366
22367
22368
22369
22370
22371
22373
22374
22375
22380
22381
22382
22384
22385
22388
22389
22390
22391
22393
22395
22396
22397
22399
22400
22401
22402
22403
22404
22405
22406
22407
22408
22409
22410
22411
22412
22414
22415
22417
22418
22420
22421
22422
22424
22425
22426
22427
22428
22429
22430
22431
22432
22433
22434
22435
22436
22437
22438
22439
22440
22441
22442
22443
22445
22446
22447
22448
22449
22451
22452
22453
22455
22456
22457
22458
22459
22460
22462
22463
22464
22465
22466
22467
22468
22469
22470
22472
22473
22474
22477
22478
22479
22480
22482
22484
22485
22486
22487
22489
22490
22493
22494
22495
22496
22497
22498
22499
22500
22501
22502
22503
22504
22505
22506
22507
22508
22509
22510
22511
22512
22513
22514
22515
22516
22517
22518
22519
22520
22521
22523
22524
22525
22526
22527
22528
22529
22530
22531
22532
22533
22534
22535
22537
22538
22539
22540
22542
22543
22545
22546
22547
22548
22549
22551
22552
22553
22554
22555
22556
22557
22558
22559
22562
22566
22567
